2 0.51796875 0.91796875 0.1625 0.16328125
2 0.628125 0.72890625 0.1109375 0.16484375
2 0.8453125 0.77578125 0.1234375 0.17734375
2 0.88125 0.603125 0.10703125 0.15703125
2 0.7515625 0.47109375 0.0890625 0.121875
2 0.71796875 0.40078125 0.06875 0.103125
2 0.85703125 0.38359375 0.07890625 0.109375
2 0.959375 0.3203125 0.08046875 0.153125
2 0.83828125 0.296875 0.084375 0.1375
2 0.76796875 0.246875 0.0578125 0.09296875
2 0.71796875 0.31796875 0.06328125 0.1109375
2 0.684375 0.265625 0.04921875 0.06796875
2 0.60703125 0.18046875 0.0390625 0.07109375
2 0.6234375 0.1421875 0.04140625 0.07109375
2 0.63671875 0.0765625 0.07734375 0.14375
2 0.54921875 0.08046875 0.07109375 0.1265625
2 0.4421875 0.2015625 0.05234375 0.096875
2 0.30234375 0.34765625 0.07734375 0.121875
2 0.05390625 0.58984375 0.1078125 0.1453125
2 0.07578125 0.43671875 0.0859375 0.1140625
2 0.303125 0.171875 0.0609375 0.125
2 0.3953125 0.15703125 0.04140625 0.06796875
2 0.3703125 0.11953125 0.03671875 0.06640625
2 0.2578125 0.13515625 0.05 0.146875
2 0.19296875 0.0640625 0.06796875 0.128125
2 0.29140625 0.0765625 0.03359375 0.04765625
2 0.46015625 0.09921875 0.0359375 0.04453125